2347
506,977,2279
887,1275,2303
605,2487,2721,3015,3289
1545,2339,2521,2787
1301,1871,2105,2555,2863,3271,3501
255,1071,1155,1421,1481,2013
89,115,830,971,1055,1882,2373,3445
42,161,850,1022,1099,2516,3222
1277,1592,2132,2338,2897,3452,3569
164,173,326,709,992,2219,2320,2323
78,165,490,1002,1503,1955,2429,2756,3039,3340
78,365,533,810,902,1145,1216,1519,2298,2351,3341,3465
23,124,264,402,626,682,740,908,1192,1480,1994,2067,2668,3243,3375
120,717,892,1911,2344,2347,2794,3518
797,986,1165,1850,2598,2757,2781
199,458,654,1030,3305
781,996,1342,2030,2210,2580,3220,3244
56,579,1419,2522,3437
618,1044,1170,2276,2288,2713,2932
2001,2233,2240,2286,3067
301,448,796,1048,1110,1252,1323,1398,1535,2324,2675,3058
123,173,258,708,1039,1096,1710,1733,1867,1876,2149,3220
282,304,764,1380,2736,3022,3210,3418
314,1596,1986,2004,2007,2012,2132,2521,2593,3103,3148,3376,3571
14,226,248,466,891,1033,1119,1303,1422,1443,1839,2080,2451,3365
73,117,496,1035,1281,2302,2524,2675,2937,3263,3345,3405
337,433,435,544,683,872,1816,2069,2088,2320,2365,2885,3316
141,180,375,527,1531,2217,2247,2277,2401,2511,3066,3097,3152,3418
384,701,1188,1806,2553
270,440,921,928,1195,1280,1343,1393,1754,1796,1817,2144,2165,2339,2573,3266,3339,3574
181,1030,1529,1584,1803,1902,2038,2194,2386,2623,2751,2965
758,972,1001,1885,3148
11,110,599,704,1300,1312,1397,1515,2039,2598,2897,3073,3100
441,678,1372,1822,1932
9,369,469,569,841,1035,1111,2063,2227,2474,2782,3168,3405
252,758,1080,1254,1467,1506,1525,1556,1775,1861,1912,1925,2085,2286,2569,2769,3259
149,713,876,965,1734,2142,2186,2315,2595
413,580,770,882,1056,1356,1826,2213,2224,2790,3142,3186,3222,3426
127,516,927,1133,1258,1690,2659,2750,2903,3020,3171,3520
141,453,833,1298,1348,1395,1462,1884,1909
149,239,279,378,467,995,1241,1892,2608,2933,2953,3020,3368
660,931,1192,1428,1442,1902,2030,2691,2721,3078,3343
1312,1768,2691,3058
375,580,697,1264,1709,2687,3121
140,216,869,998,1435,1577,1581,1980,3271,3424
169,365,436,645,938,1206,1414,1723
371,662,1362,1916,1927,1930,1989,2025,2494,2767,3134,3302
402,727,1100,1566,1686,1903,2056,2419,2644,2838,2936,3094,3108,3382,3383,3438
228,503,919,921,1316,1364,1422,1642,1688,2147,2334,2397,2450,2537,3552,3558
8,477,1730,2114,2762,2930,3237,3484
672,779,855,1187,1668,2360,2398,2787,3189,3196,3528
303,445,460,1018,1566,1728,1780,2767
383,678,681,783,923,977,1322,1610,2087,2093,2181,3065
517,1392,1606,1736,2472,3131,3190
254,559,562,832,878,898,1074,1082,1236,1832,2052,2527,2776,3264,3404
670,2112,2275,2750,2777
53,172,510,584,828,1553,1692,1979,2220,2296,2403,2548,2718,2737,3135,3160,3338,3353,3438,3448,3536
933,1166,1604,1684,1768,2969,3200,3249,3378,3500
897,1054,1711,2567,2661,2842,2851,2879,3235
440,616,650,730,968,1068,2009,2078,2632,2874,2996,3184
182,675,783,1120,1614,1686,1886,1887,1922,2008,2160,2495,3032,3053,3177,3557
6,39,737,747,947,967,1452,1555,1769,2214,2288,2313,2397,2641,3359
255,451,1570,1809,1825,1908,1986,2135,2322,2521
112,679,714,977,1024,1121,1320,1988,2211,2398,2654,2848,3056,3531,3571
24,54,228,514,654,1081,1132,1785,2076,2582,2930,3256,3337,3524
121,127,244,1010,1143,1206,1318,1601,2494,2909,2915,3581
1749,2037,2197,2254,2993
96,350,574,900,1032,1152,1372,1680,1704,2044,2164,2258,2310,2548,2936,3266,3410
56,102,914,1379,2132,2246,2298,2698,2795,3024,3517
23,72,120,164,532,987,2334,2392,2479,2645,2810,3261,3277,3371
397,525,560,1342,1682,2149,2629,3413,3415,3440,3499
25,255,389,505,1177,1633,1877,1935,2142,2337,2722,2818,3523
395,517,615,935,1221,1704,1739,1959,2541,2726
481,497,716,784,979,1281,1860,2132,2771,2857,2955,2985,3033,3165,3347,3447,3497
99,184,270,317,1812,1910,1964,2080,2356,2478,2921,3032,3064,3135,3307,3405,3537,3552,3583
99,602,1067,1294,1432,1969,2045,2197,3043,3202,3271
630,708,1096,1362,1441,1530,1580,1978,2460,2473,2556,2706,3014,3129,3468
330,576,639,799,1204,1457,1491,1538,1696,1800,2107,2115,2212,2358,2579,2904,2980,3048,3054
427,611,1202,1814,2193,2352,2995,3356
104,170,376,575,635,854,935,1376,1553,1576,1756,2549,3507
148,459,1284,1351,1394,1705,1892,1905,2557,3232,3325,3352,3403
638,909,928,1167,1212,1234,1305,1453,1678,1863,2040,2087,2162,3085
124,181,458,483,518,1050,1056,1517,1599,1831,1982,2193,2326,3365,3389,3554,3585
4,682,881,1097,1234,1432,1951,2253,2353,2360,2471,2639,2681,3451,3575
171,386,427,640,924,953,1236,1540,1560,1933,2291,2412,3106,3198,3340,3547
110,604,725,811,835,1172,1674,2051,2220,2368,2523,2605,2746,3082,3235,3467
69,266,332,833,994,1047,2032,2743,2912
1080,1425,1674,1783,1799,1910,2205,2311,2400,2465,3381
268,874,1001,1274,1420,1796,2003,2544,2628,2652,2988,3037
69,122,475,671,775,784,2066,2120,2187,3194,3442,3548
7,41,496,725,954,1617,1733,1796,2072,2396,3342,3517,3551
598,1176,1623,2026,2274,2388,2402,2600,3107,3483,3484
4,273,563,996,1216,1317,1437,2169,2364,2414,2577,3082
285,331,344,762,1827,2061,2068,2140,2552,2671,2697,2780,2865,2876,3413,3542,3559
25,722,766,896,983,1011,1209,1434,1612,1619,1628,2197,2287,3171,3412
332,880,1062,1147,1157,1244,1980,2262
42,125,312,445,729,920,1616,1754,1859,1947,1989,2181,2514,2640,2680,3560
196,598,974,1270,1859,2077,2682,3113
756,795,1905,2078,2741,2811,2813,2906,3427