0,0.472222222222,1.0
1,0.472222222222,0.980582524272
2,0.472222222222,0.980582524272
3,0.475460122699,0.752427184466
4,0.475460122699,0.752427184466
5,0.475524475524,0.752427184466
6,0.475524475524,0.752427184466
7,0.475524475524,0.752427184466
8,0.5,0.766990291262
9,0.463343108504,0.985436893204
10,0.459940652819,0.752427184466
11,0.459940652819,0.752427184466
12,0.463343108504,0.344660194175
13,0.463343108504,0.766990291262
14,0.606060606061,0.766990291262
15,0.618556701031,0.995145631068
16,0.615,0.970873786408
17,0.625,0.970873786408
18,0.625,0.970873786408
19,0.615,0.970873786408
20,0.631578947368,0.970873786408
21,0.697183098592,0.145631067961
22,0.7125,0.7125
23,0.7125,0.7125
24,0.7125,0.7125
25,0.697530864198,0.697530864198
26,0.697530864198,0.697530864198
27,0.615720524017,0.684466019417
28,0.782608695652,0.776699029126
29,0.765957446809,0.776699029126
30,0.765957446809,0.684466019417
31,0.639344262295,0.684466019417
32,0.697530864198,0.697530864198
33,0.639344262295,0.684466019417
34,0.639344262295,0.674757281553
35,0.646511627907,0.674757281553
36,0.646511627907,0.674757281553
37,0.701863354037,0.701863354037
38,0.654545454545,0.0
39,0.714285714286,1.0
40,0.415584415584,1.0
41,0.392857142857,1.0
42,0.353383458647,0.898058252427
43,0.353383458647,0.898058252427
44,0.353383458647,0.898058252427
45,0.406666666667,0.917475728155
46,0.335135135135,0.922330097087
47,0.5,0.995145631068
48,0.5,0.0
49,0.4,1.0
50,0.4,1.0
51,0.4,1.0
52,0.333333333333,1.0
53,0.666666666667,1.0
54,0.666666666667,1.0
55,0.666666666667,1.0
56,1.0,1.0
57,1.0,1.0
58,0.5,1.0
59,0.5,1.0
60,0.666666666667,1.0
61,0.666666666667,1.0
62,0.666666666667,1.0
63,0.666666666667,1.0
64,0.590909090909,1.0
65,0.590909090909,1.0
66,0.590909090909,0.0
67,0.590909090909,0.694174757282
68,0.415189873418,0.888349514563
69,0.455555555556,0.796116504854
70,0.454802259887,0.781553398058
71,0.415189873418,0.796116504854
72,0.412820512821,0.781553398058
73,0.412820512821,0.781553398058
74,0.415189873418,0.796116504854
75,0.412820512821,0.781553398058
76,0.412820512821,0.980582524272
77,0.412820512821,0.980582524272
78,0.412820512821,0.980582524272
79,0.455555555556,0.966019417476
80,0.455555555556,0.966019417476
81,0.455555555556,0.966019417476
82,0.455555555556,0.966019417476
83,0.412820512821,0.980582524272
84,0.454802259887,0.980582524272
85,0.455555555556,0.966019417476
86,0.445945945946,0.980582524272
87,0.445945945946,0.800970873786
88,0.445945945946,0.800970873786
89,0.445945945946,0.980582524272
90,0.445945945946,0.980582524272
91,0.445945945946,0.980582524272
92,0.445945945946,0.980582524272
93,0.445945945946,0.980582524272
94,0.445945945946,0.980582524272
95,0.445945945946,0.980582524272
96,0.445945945946,0.980582524272
97,0.445945945946,0.980582524272
98,0.445945945946,0.980582524272
99,0.445945945946,0.980582524272